@SRR8313438.1 	55	25	39
@SRR8313438.2 	55	50	39
@SRR8313438.3 	55	29	39
@SRR8313438.4 	55	41	39
@SRR8313438.5 	55	50	24
@SRR8313438.6 	55	52	38
@SRR8313438.7 	55	45	39
@SRR8313438.8 	55	58	38
@SRR8313438.9 	55	30	39
@SRR8313438.10 	55	38	39
@SRR8313438.11 	55	38	39
@SRR8313438.12 	55	50	39
@SRR8313438.13 	55	43	39
@SRR8313438.14 	55	30	39
@SRR8313438.15 	55	27	40
@SRR8313438.16 	55	47	39
@SRR8313438.17 	55	21	39
@SRR8313438.18 	55	40	39
@SRR8313438.19 	55	40	38
@SRR8313438.20 	55	45	39
@SRR8313438.21 	55	32	40
@SRR8313438.22 	55	23	32
@SRR8313438.23 	55	45	39
@SRR8313438.24 	55	61	39
@SRR8313438.25 	55	34	39
